3F800000
00000000
00000000
00000000
3CC8E8A7
00000000
3D4CCCCD
00000000
00000000
00000000
39565435
00000000
00000000
3F800000
00000000
BCC8E8A7
00000000
00000000
00000000
3D4CCCCD
00000000
B9565435
00000000
00000000
00000000
00000000
3F800000
00000000
00000000
00000000
00000000
00000000
3D4CCCCD
00000000
00000000
00000000
00000000
00000000
00000000
3F800000
00000000
00000000
00000000
00000000
00000000
3CCCCCCD
00000000
00000000
00000000
00000000
00000000
00000000
3F800000
00000000
00000000
00000000
00000000
00000000
3CCCCCCD
00000000
00000000
00000000
00000000
00000000
00000000
3F800000
00000000
00000000
00000000
00000000
00000000
3CCCCCCD
00000000
00000000
00000000
00000000
3F7B22D1
00000000
3F800000
00000000
00000000
00000000
3C48E8A7
00000000
00000000
00000000
00000000
BF7B22D1
00000000
00000000
00000000
3F800000
00000000
BC48E8A7
00000000
00000000
00000000
00000000
00000000
00000000
00000000
00000000
00000000
00000000
3F800000
00000000
00000000
00000000
00000000
00000000
00000000
00000000
00000000
00000000
00000000
00000000
00000000
3F800000
00000000
00000000
00000000
00000000
00000000
00000000
00000000
00000000
00000000
00000000
00000000
00000000
3F800000
00000000
00000000
00000000
00000000
00000000
00000000
00000000
00000000
00000000
00000000
00000000
00000000
3F800000

